[CtrlPara]
CH1_Ktp = 0.43
CH1_Kti = 2.1
CH1_Ktd = 0
CH1_Ft1 = 0
CH1_Ft2 = 0
CH1_Ftk = 0
CH1_Kep = 3.550000000000001
CH1_Ked = 300
CH1_Ted = 1
CH1_X1 = 0
CH1_X2 = 0
CH1_X3 = 0
CH2_Ktp = 0.45
CH2_Kti = 2.1
CH2_Ktd = 0
CH2_Ft1 = 0
CH2_Ft2 = 0
CH2_Ftk = 0
CH2_Kep = 3.45
CH2_Ked = 300
CH2_Ted = 1
CH2_X1 = 0
CH2_X2 = 0
CH2_X3 = 0
CH3_Ktp = 0.49
CH3_Kti = 2.1
CH3_Ktd = 0
CH3_Ft1 = 0
CH3_Ft2 = 0
CH3_Ftk = 0
CH3_Kep = 3.450000000000002
CH3_Ked = 300
CH3_Ted = 1
CH3_X1 = 0
CH3_X2 = 0
CH3_X3 = 0
CH4_Ktp = 0.49
CH4_Kti = 2.3
CH4_Ktd = 0
CH4_Ft1 = 0
CH4_Ft2 = 0
CH4_Ftk = 0
CH4_Kep = 3.7
CH4_Ked = 300
CH4_Ted = 1
CH4_X1 = 0
CH4_X2 = 0
CH4_X3 = 0
CH5_Ktp = 37.50000000000004
CH5_Kti = 0.1
CH5_Ktd = 0
CH5_Ft1 = 0
CH5_Ft2 = 0
CH5_Ftk = 0
CH6_Ktp = 39.00000000000004
CH6_Kti = 0.1
CH6_Ktd = 0
CH6_Ft1 = 0
CH6_Ft2 = 0
CH6_Ftk = 0
CH7_Ktp = 35.50000000000008
CH7_Kti = 0.1000000000000001
CH7_Ktd = 0
CH7_Ft1 = 0
CH7_Ft2 = 0
CH7_Ftk = 0
CH8_Ktp = 30.00000000000011
CH8_Kti = 0.2000000000000001
CH8_Ktd = 0
CH8_Ft1 = 0
CH8_Ft2 = 0
CH8_Ftk = 0

